3.829502947285770009e-01
-2.387218123956557081e-01
1.103007335047804460e+00
-3.546714861295295895e-01
1.928598461290161048e-01
4.033964075479809508e-01
-1.656951570638445781e-01
-4.237197283354120492e-01
4.727141819515708887e-01
2.127440823509781920e-01
-5.134062783404756969e-01
-3.360608636781531877e-01
9.517783696255113224e-01
-4.430162443462640209e-01
-7.105085371032833219e-01
1.025956490490236295e-01
-2.135726527286323229e-01
1.010606222572630664e+00
7.413934782390702027e-01
1.057662441713561163e+00
-3.938636600003782018e-01
4.156016798685077118e-01
-2.052600523748862871e-01
-2.935018600692224089e-01
8.738865502109276484e-01
9.668327448438067406e-02
1.039294484853669487e-01
4.473858189396767715e-01
-2.304672596974555454e-01
9.138705226411785176e-01
8.186489984791338603e-01
1.418106788505486271e-01
-2.444298652597172161e-01
-3.713772489469027160e-01
1.686205997302565596e-01
-2.061354418979819414e-01
7.656885571894129772e-01
-5.330308698914690835e-01
-4.643921120079759213e-01
6.752608752244169121e-01
6.812597621110448864e-01
-6.401091332908939169e-01
9.271857543996282480e-01
-1.379394955719991378e-01
1.042818683230883892e+00
3.217931454698485516e-01
-3.008960435345291451e-01
6.587206177622311198e-01
-1.301991844723873637e+00
-3.727543137744090407e-01
5.732570838133388413e-01
-3.191432656803175338e-01
1.070133393348037476e+00
-9.207806630542295090e-02
